0 0.191987 0.640489 0.060100 0.095501
0 0.249026 0.610892 0.063996 0.082084
0 0.240679 0.253354 0.053979 0.066298
0 0.239844 0.391081 0.050083 0.059195
0 0.296884 0.405683 0.062883 0.099448
0 0.223150 0.744672 0.023372 0.111287
0 0.465776 0.637727 0.043406 0.064720
0 0.466889 0.140095 0.063439 0.098658
0 0.499444 0.132597 0.052866 0.107340
0 0.828047 0.935280 0.063439 0.089976
0 0.781859 0.393054 0.057874 0.089976
0 0.973011 0.243883 0.053979 0.086819
0 0.677240 0.089976 0.056761 0.091555
0 0.915136 0.056827 0.070673 0.080505
0 0.831107 0.783741 0.061770 0.096290
1 0.587090 0.301105 0.025598 0.142857
1 0.587646 0.498816 0.026711 0.137332
1 0.589316 0.729676 0.027824 0.188635
1 0.925988 0.894238 0.035615 0.039463
