1 0.127481 0.887374 0.044275 0.024390
1 0.254962 0.885940 0.045802 0.024390
0 0.298473 0.774749 0.035115 0.034433
0 0.250382 0.677905 0.033588 0.032999
0 0.250382 0.643472 0.033588 0.035868
1 0.229771 0.579627 0.038168 0.022956
0 0.286260 0.599713 0.041221 0.034433
0 0.302290 0.560976 0.033588 0.025825
0 0.419084 0.679340 0.035115 0.035868
1 0.354198 0.579627 0.054962 0.020086
1 0.458015 0.579627 0.058015 0.020086
0 0.483969 0.751793 0.033588 0.040172
0 0.472519 0.835007 0.035115 0.025825
1 0.529771 0.834290 0.015267 0.050215
0 0.547328 0.715208 0.041221 0.032999
1 0.439695 0.886657 0.033588 0.022956
1 0.328244 0.885940 0.018321 0.018651
1 0.376336 0.887374 0.016794 0.018651
0 0.648855 0.600430 0.027481 0.038737
0 0.726718 0.601865 0.042748 0.035868
0 0.725954 0.636298 0.038168 0.030129
1 0.874809 0.550215 0.021374 0.032999
1 0.873282 0.617647 0.018321 0.035868
1 0.873282 0.686514 0.018321 0.035868
1 0.873282 0.753228 0.021374 0.037303
1 0.078626 0.257532 0.019847 0.044476
1 0.078626 0.298422 0.019847 0.037303
1 0.135115 0.351506 0.041221 0.022956
1 0.261069 0.349354 0.045802 0.015782
1 0.335878 0.348637 0.015267 0.017217
0 0.359542 0.370158 0.035115 0.034433
1 0.385496 0.350072 0.016794 0.020086
1 0.458015 0.347920 0.054962 0.021521
1 0.541221 0.304878 0.016794 0.035868
0 0.416031 0.235294 0.032061 0.031564
0 0.506107 0.147059 0.032061 0.030129
0 0.412977 0.142755 0.035115 0.030129
1 0.464122 0.040172 0.054962 0.020086
0 0.336641 0.236729 0.038168 0.034433
0 0.382443 0.201578 0.032061 0.035868
1 0.132824 0.202296 0.045802 0.020086
0 0.167176 0.177905 0.035115 0.025825
1 0.227481 0.040890 0.058015 0.021521
1 0.180916 0.135581 0.022901 0.055954
1 0.181679 0.082496 0.021374 0.053085
0 0.377099 0.776184 0.036641 0.034433
