0 0.059166 0.396018 0.056256 0.066372
0 0.290980 0.390855 0.036857 0.070796
1 0.225994 0.306785 0.021339 0.073746
1 0.227934 0.418142 0.019399 0.095870
1 0.130456 0.508112 0.094083 0.033923
0 0.306499 0.778024 0.048497 0.092920
0 0.395732 0.777286 0.052376 0.091445
0 0.395732 0.639381 0.048497 0.087021
0 0.587779 0.634956 0.044617 0.075221
1 0.512124 0.872419 0.091174 0.030973
0 0.638700 0.634956 0.041707 0.078171
1 0.670223 0.871681 0.075655 0.029499
0 0.720660 0.797935 0.040737 0.058997
1 0.772551 0.871681 0.045587 0.032448
0 0.809408 0.744100 0.047527 0.060472
1 0.875849 0.873156 0.075655 0.035398
0 0.848691 0.639381 0.044617 0.078171
1 0.975752 0.502212 0.017459 0.069322
0 0.869059 0.520649 0.048497 0.058997
0 0.847721 0.411504 0.048497 0.082596
1 0.879243 0.132006 0.092144 0.028024
1 0.631426 0.130531 0.190107 0.030973
0 0.427740 0.194690 0.042677 0.082596
1 0.486421 0.220501 0.072745 0.030973
0 0.417556 0.473451 0.039767 0.079646
