0 0.058532 0.126448 0.037698 0.021236
1 0.052579 0.181467 0.029762 0.092664
0 0.120040 0.518340 0.021825 0.036680
1 0.172619 0.527027 0.087302 0.023166
1 0.270833 0.527992 0.093254 0.021236
1 0.371032 0.526062 0.091270 0.021236
0 0.425595 0.520270 0.021825 0.032819
0 0.240079 0.232625 0.051587 0.059846
1 0.425595 0.046332 0.093254 0.023166
0 0.478175 0.050193 0.027778 0.042471
0 0.650794 0.052124 0.027778 0.042471
0 0.817460 0.052124 0.027778 0.042471
1 0.762897 0.044402 0.093254 0.023166
1 0.596230 0.046332 0.093254 0.023166
0 0.563492 0.233591 0.059524 0.061776
0 0.611111 0.406371 0.043651 0.048263
0 0.556548 0.450772 0.065476 0.075290
0 0.538690 0.556950 0.065476 0.075290
0 0.683532 0.503861 0.053571 0.050193
0 0.681548 0.447876 0.053571 0.050193
0 0.688492 0.377413 0.059524 0.052124
0 0.742063 0.286680 0.059524 0.052124
0 0.815476 0.398649 0.059524 0.052124
1 0.917659 0.352317 0.029762 0.067568
1 0.915675 0.464286 0.029762 0.067568
1 0.582341 0.761583 0.029762 0.067568
1 0.582341 0.697876 0.029762 0.067568
1 0.580357 0.632239 0.029762 0.067568
0 0.681548 0.944015 0.061508 0.081081
0 0.685516 0.811776 0.057540 0.059846
0 0.941468 0.587838 0.057540 0.059846
0 0.766865 0.948842 0.065476 0.071429
