0 0.135928 0.665323 0.028785 0.060484
0 0.184435 0.483871 0.027719 0.064516
1 0.169510 0.866935 0.076759 0.036290
0 0.231343 0.414315 0.014925 0.086694
0 0.234009 0.764113 0.015991 0.080645
0 0.291045 0.406250 0.031983 0.058468
1 0.152452 0.292339 0.078891 0.040323
1 0.266525 0.293347 0.055437 0.042339
0 0.283049 0.243952 0.037313 0.064516
1 0.319296 0.867944 0.079957 0.042339
1 0.429638 0.867944 0.044776 0.034274
1 0.593284 0.864919 0.041578 0.044355
0 0.555437 0.660282 0.027719 0.062500
0 0.589019 0.709677 0.037313 0.076613
0 0.644456 0.779234 0.045842 0.070565
0 0.654584 0.573589 0.029851 0.062500
0 0.711620 0.584677 0.050107 0.064516
0 0.840618 0.772177 0.054371 0.112903
0 0.890192 0.774194 0.049041 0.116935
1 0.928571 0.392137 0.023454 0.050403
1 0.543710 0.191532 0.091684 0.036290
0 0.435501 0.335685 0.030917 0.074597
0 0.319829 0.292339 0.025586 0.068548
0 0.491471 0.443548 0.061834 0.024194
