1 0.052030 0.156584 0.020305 0.042705
1 0.052665 0.230427 0.019036 0.040925
1 0.143401 0.086299 0.030457 0.037367
1 0.305838 0.087189 0.032995 0.032028
1 0.325508 0.151246 0.019036 0.106762
0 0.134518 0.159253 0.038071 0.048043
0 0.098350 0.325623 0.029188 0.049822
0 0.144670 0.326512 0.030457 0.048043
0 0.148477 0.419039 0.038071 0.044484
0 0.141497 0.489324 0.044416 0.067616
1 0.056472 0.365658 0.021574 0.076512
1 0.055203 0.520463 0.021574 0.076512
0 0.266497 0.528470 0.048223 0.064057
1 0.151015 0.825623 0.083756 0.035587
0 0.277284 0.881673 0.052030 0.090747
0 0.305203 0.774911 0.049492 0.069395
0 0.360406 0.717082 0.040609 0.067616
1 0.366751 0.899466 0.022843 0.026690
0 0.456853 0.709964 0.045685 0.067616
1 0.493020 0.895018 0.079949 0.028470
0 0.626904 0.708185 0.043147 0.064057
1 0.663071 0.894128 0.082487 0.030249
1 0.834391 0.892349 0.115482 0.023132
1 0.927665 0.640569 0.017766 0.078292
0 0.789975 0.516904 0.041878 0.065836
0 0.792513 0.369217 0.046954 0.065836
1 0.842005 0.390569 0.059645 0.030249
0 0.492386 0.377224 0.043147 0.064057
1 0.539975 0.397687 0.062183 0.023132
1 0.612944 0.395907 0.086294 0.030249
1 0.460025 0.351423 0.019036 0.072954
1 0.423858 0.303381 0.053299 0.026690
1 0.366751 0.305160 0.055838 0.026690
0 0.302665 0.280249 0.041878 0.065836
1 0.248731 0.637011 0.017766 0.060498
