0 0.086887 0.730598 0.027102 0.067797
1 0.065564 0.632917 0.010761 0.068689
1 0.085293 0.580731 0.025508 0.017841
0 0.098246 0.640946 0.026704 0.050847
1 0.154045 0.706066 0.033878 0.018733
0 0.185333 0.636039 0.026305 0.048171
1 0.110004 0.549063 0.010363 0.043711
1 0.108410 0.484835 0.010363 0.041927
0 0.149661 0.416592 0.021124 0.049955
1 0.252690 0.706066 0.034277 0.022302
1 0.327421 0.764496 0.009167 0.062444
1 0.345755 0.819804 0.013950 0.017841
0 0.366481 0.841659 0.023515 0.066905
1 0.385811 0.819358 0.012754 0.016949
0 0.365684 0.677966 0.023515 0.062444
1 0.405341 0.733720 0.008768 0.031222
1 0.447190 0.707404 0.033479 0.021409
0 0.389199 0.565566 0.019530 0.044603
0 0.409326 0.505798 0.022320 0.046387
0 0.472300 0.546833 0.017537 0.044603
0 0.498605 0.477698 0.028697 0.054416
0 0.403747 0.415254 0.021523 0.052632
0 0.379633 0.416592 0.021921 0.053524
1 0.348346 0.247547 0.035074 0.024086
1 0.446393 0.202498 0.034277 0.019625
0 0.396174 0.216325 0.033479 0.063336
1 0.210442 0.219893 0.021523 0.045495
1 0.289358 0.223461 0.021523 0.045495
1 0.235951 0.201160 0.027900 0.024086
1 0.264049 0.202052 0.027501 0.024086
1 0.147868 0.247547 0.035074 0.022302
0 0.185731 0.228368 0.022320 0.060660
0 0.936429 0.423283 0.029892 0.059768
1 0.926863 0.483943 0.009964 0.061552
0 0.843165 0.488403 0.023515 0.054416
0 0.798127 0.445584 0.019530 0.040143
1 0.545436 0.462979 0.009964 0.066012
