0 0.338384 0.293644 0.045843 0.057924
0 0.119658 0.334272 0.051282 0.050684
0 0.157343 0.291231 0.044289 0.041834
0 0.203963 0.167337 0.045843 0.041834
0 0.293706 0.166935 0.045066 0.045857
1 0.152681 0.107401 0.067599 0.020113
0 0.096348 0.351167 0.048174 0.045857
0 0.096737 0.400241 0.047397 0.050684
1 0.938228 0.291633 0.017871 0.105390
0 0.599456 0.354787 0.034965 0.046661
0 0.770396 0.229284 0.038073 0.035398
1 0.681430 0.474658 0.060606 0.014481
1 0.341880 0.470636 0.128982 0.022526
1 0.555556 0.292840 0.013986 0.074014
0 0.782051 0.347546 0.045843 0.048270
