1 0.87265625 0.1125 0.04453125 0.02421875
1 0.7453125 0.1140625 0.04609375 0.02421875
0 0.7015625 0.225 0.03515625 0.034375
0 0.75 0.321875 0.03359375 0.0328125
0 0.75 0.35625 0.03359375 0.0359375
1 0.7703125 0.4203125 0.03828125 0.02265625
0 0.7140625 0.4 0.04140625 0.034375
0 0.69765625 0.4390625 0.03359375 0.02578125
0 0.58125 0.3203125 0.03515625 0.0359375
1 0.64609375 0.4203125 0.0546875 0.0203125
1 0.5421875 0.4203125 0.0578125 0.0203125
0 0.51640625 0.2484375 0.03359375 0.03984375
0 0.52734375 0.16484375 0.03515625 0.02578125
1 0.4703125 0.165625 0.015625 0.05
0 0.45234375 0.28515625 0.04140625 0.0328125
1 0.56015625 0.11328125 0.03359375 0.02265625
1 0.671875 0.1140625 0.01796875 0.01875
1 0.6234375 0.1125 0.01640625 0.01875
0 0.35078125 0.39921875 0.02734375 0.0390625
0 0.2734375 0.3984375 0.04296875 0.0359375
0 0.27421875 0.3640625 0.03828125 0.03046875
1 0.125 0.45 0.02109375 0.0328125
1 0.1265625 0.38203125 0.01796875 0.0359375
1 0.1265625 0.31328125 0.01796875 0.0359375
1 0.1265625 0.246875 0.02109375 0.0375
1 0.92109375 0.7421875 0.01953125 0.04453125
1 0.92109375 0.7015625 0.01953125 0.0375
1 0.86484375 0.6484375 0.04140625 0.02265625
1 0.7390625 0.65078125 0.04609375 0.015625
1 0.6640625 0.6515625 0.015625 0.0171875
0 0.640625 0.6296875 0.03515625 0.034375
1 0.61484375 0.65 0.01640625 0.0203125
1 0.5421875 0.65234375 0.0546875 0.021875
1 0.45859375 0.6953125 0.01640625 0.0359375
0 0.58359375 0.76484375 0.03203125 0.03125
0 0.49375 0.853125 0.03203125 0.03046875
0 0.58671875 0.85703125 0.03515625 0.03046875
1 0.5359375 0.96015625 0.0546875 0.0203125
0 0.66328125 0.76328125 0.03828125 0.034375
0 0.6171875 0.7984375 0.03203125 0.0359375
1 0.8671875 0.79765625 0.04609375 0.0203125
0 0.8328125 0.821875 0.03515625 0.02578125
1 0.77265625 0.959375 0.0578125 0.021875
1 0.81875 0.8640625 0.02265625 0.05625
1 0.81796875 0.9171875 0.02109375 0.053125
0 0.62265625 0.2234375 0.03671875 0.034375