1 0.12734375 0.8875 0.04453125 0.02421875
1 0.2546875 0.8859375 0.04609375 0.02421875
0 0.2984375 0.775 0.03515625 0.034375
0 0.25 0.678125 0.03359375 0.0328125
0 0.25 0.64375 0.03359375 0.0359375
1 0.2296875 0.5796875 0.03828125 0.02265625
0 0.2859375 0.6 0.04140625 0.034375
0 0.30234375 0.5609375 0.03359375 0.02578125
0 0.41875 0.6796875 0.03515625 0.0359375
1 0.35390625 0.5796875 0.0546875 0.0203125
1 0.4578125 0.5796875 0.0578125 0.0203125
0 0.48359375 0.7515625 0.03359375 0.03984375
0 0.47265625 0.83515625 0.03515625 0.02578125
1 0.5296875 0.834375 0.015625 0.05
0 0.54765625 0.71484375 0.04140625 0.0328125
1 0.43984375 0.88671875 0.03359375 0.02265625
1 0.328125 0.8859375 0.01796875 0.01875
1 0.3765625 0.8875 0.01640625 0.01875
0 0.64921875 0.60078125 0.02734375 0.0390625
0 0.7265625 0.6015625 0.04296875 0.0359375
0 0.72578125 0.6359375 0.03828125 0.03046875
1 0.875 0.55 0.02109375 0.0328125
1 0.8734375 0.61796875 0.01796875 0.0359375
1 0.8734375 0.68671875 0.01796875 0.0359375
1 0.8734375 0.753125 0.02109375 0.0375
1 0.07890625 0.2578125 0.01953125 0.04453125
1 0.07890625 0.2984375 0.01953125 0.0375
1 0.13515625 0.3515625 0.04140625 0.02265625
1 0.2609375 0.34921875 0.04609375 0.015625
1 0.3359375 0.3484375 0.015625 0.0171875
0 0.359375 0.3703125 0.03515625 0.034375
1 0.38515625 0.35 0.01640625 0.0203125
1 0.4578125 0.34765625 0.0546875 0.021875
1 0.54140625 0.3046875 0.01640625 0.0359375
0 0.41640625 0.23515625 0.03203125 0.03125
0 0.50625 0.146875 0.03203125 0.03046875
0 0.41328125 0.14296875 0.03515625 0.03046875
1 0.4640625 0.03984375 0.0546875 0.0203125
0 0.33671875 0.23671875 0.03828125 0.034375
0 0.3828125 0.2015625 0.03203125 0.0359375
1 0.1328125 0.20234375 0.04609375 0.0203125
0 0.1671875 0.178125 0.03515625 0.02578125
1 0.22734375 0.040625 0.0578125 0.021875
1 0.18125 0.1359375 0.02265625 0.05625
1 0.18203125 0.0828125 0.02109375 0.053125
0 0.37734375 0.7765625 0.03671875 0.034375