1 0.971875 0.32734375 0.03203125 0.159375
1 0.97109375 0.55234375 0.034375 0.1515625
1 0.9703125 0.75 0.0375 0.11328125
0 0.76171875 0.4359375 0.0640625 0.0703125
0 0.65390625 0.4546875 0.06328125 0.06640625
0 0.65703125 0.9125 0.06640625 0.06015625
0 0.6515625 0.83046875 0.071875 0.06796875
0 0.3296875 0.49453125 0.08515625 0.0578125
1 0.3140625 0.1578125 0.10625 0.04921875
0 0.6578125 0.13359375 0.05859375 0.06953125
1 0.54453125 0.15234375 0.17578125 0.0375
1 0.1796875 0.72421875 0.02109375 0.26015625