1 0.028125 0.32734375 0.03203125 0.159375
1 0.02890625 0.55234375 0.034375 0.1515625
1 0.0296875 0.75 0.0375 0.11328125
0 0.23828125 0.4359375 0.0640625 0.0703125
0 0.34609375 0.4546875 0.06328125 0.06640625
0 0.34296875 0.9125 0.06640625 0.06015625
0 0.3484375 0.83046875 0.071875 0.06796875
0 0.6703125 0.49453125 0.08515625 0.0578125
1 0.6859375 0.1578125 0.10625 0.04921875
0 0.3421875 0.13359375 0.05859375 0.06953125
1 0.45546875 0.15234375 0.17578125 0.0375
1 0.8203125 0.72421875 0.02109375 0.26015625