0 0.059375 0.39609375 0.05625 0.06640625
0 0.290625 0.390625 0.03671875 0.07109375
1 0.22578125 0.30703125 0.02109375 0.0734375
1 0.228125 0.41796875 0.01953125 0.09609375
1 0.13046875 0.5078125 0.09375 0.03359375
0 0.30625 0.778125 0.0484375 0.09296875
0 0.39609375 0.77734375 0.05234375 0.09140625
0 0.39609375 0.6390625 0.0484375 0.08671875
0 0.5875 0.63515625 0.04453125 0.075
1 0.5125 0.87265625 0.09140625 0.03125
0 0.6390625 0.63515625 0.04140625 0.078125
1 0.6703125 0.871875 0.07578125 0.0296875
0 0.7203125 0.79765625 0.040625 0.059375
1 0.77265625 0.871875 0.0453125 0.0328125
0 0.809375 0.74375 0.04765625 0.06015625
1 0.87578125 0.8734375 0.07578125 0.03515625
0 0.8484375 0.6390625 0.04453125 0.078125
1 0.97578125 0.50234375 0.0171875 0.06953125
0 0.86875 0.5203125 0.0484375 0.059375
0 0.84765625 0.41171875 0.0484375 0.0828125
1 0.87890625 0.13203125 0.0921875 0.028125
1 0.63125 0.13046875 0.18984375 0.03125
0 0.428125 0.19453125 0.04296875 0.0828125
1 0.48671875 0.2203125 0.07265625 0.03125
0 0.4171875 0.4734375 0.03984375 0.0796875