0 0.059375 0.60390625 0.05625 0.06640625
0 0.290625 0.609375 0.03671875 0.07109375
1 0.22578125 0.69296875 0.02109375 0.0734375
1 0.228125 0.58203125 0.01953125 0.09609375
1 0.13046875 0.4921875 0.09375 0.03359375
0 0.30625 0.221875 0.0484375 0.09296875
0 0.39609375 0.22265625 0.05234375 0.09140625
0 0.39609375 0.3609375 0.0484375 0.08671875
0 0.5875 0.36484375 0.04453125 0.075
1 0.5125 0.12734375 0.09140625 0.03125
0 0.6390625 0.36484375 0.04140625 0.078125
1 0.6703125 0.128125 0.07578125 0.0296875
0 0.7203125 0.20234375 0.040625 0.059375
1 0.77265625 0.128125 0.0453125 0.0328125
0 0.809375 0.25625 0.04765625 0.06015625
1 0.87578125 0.1265625 0.07578125 0.03515625
0 0.8484375 0.3609375 0.04453125 0.078125
1 0.97578125 0.49765625 0.0171875 0.06953125
0 0.86875 0.4796875 0.0484375 0.059375
0 0.84765625 0.58828125 0.0484375 0.0828125
1 0.87890625 0.86796875 0.0921875 0.028125
1 0.63125 0.86953125 0.18984375 0.03125
0 0.428125 0.80546875 0.04296875 0.0828125
1 0.48671875 0.7796875 0.07265625 0.03125
0 0.4171875 0.5265625 0.03984375 0.0796875