0 0.94140625 0.1265625 0.0375 0.02109375
1 0.94765625 0.18125 0.0296875 0.09296875
0 0.8796875 0.51796875 0.021875 0.03671875
1 0.82734375 0.52734375 0.0875 0.0234375
1 0.72890625 0.528125 0.09296875 0.02109375
1 0.62890625 0.52578125 0.09140625 0.02109375
0 0.57421875 0.5203125 0.021875 0.0328125
0 0.76015625 0.2328125 0.0515625 0.06015625
1 0.57421875 0.04609375 0.09296875 0.0234375
0 0.521875 0.05 0.028125 0.0421875
0 0.34921875 0.05234375 0.028125 0.0421875
0 0.1828125 0.05234375 0.028125 0.0421875
1 0.23671875 0.04453125 0.09296875 0.0234375
1 0.40390625 0.04609375 0.09296875 0.0234375
0 0.43671875 0.23359375 0.059375 0.06171875
0 0.3890625 0.40625 0.04375 0.0484375
0 0.44375 0.45078125 0.065625 0.075
0 0.4609375 0.55703125 0.065625 0.075
0 0.31640625 0.50390625 0.05390625 0.05
0 0.31875 0.44765625 0.05390625 0.05
0 0.31171875 0.37734375 0.059375 0.05234375
0 0.2578125 0.28671875 0.059375 0.05234375
0 0.184375 0.3984375 0.059375 0.05234375
1 0.08203125 0.35234375 0.0296875 0.0671875
1 0.084375 0.4640625 0.0296875 0.0671875
1 0.41796875 0.76171875 0.0296875 0.0671875
1 0.41796875 0.69765625 0.0296875 0.0671875
1 0.41953125 0.63203125 0.0296875 0.0671875
0 0.31875 0.94375 0.06171875 0.08125
0 0.31484375 0.81171875 0.0578125 0.06015625
0 0.05859375 0.5875 0.0578125 0.06015625
0 0.2328125 0.94921875 0.065625 0.07109375