0 0.05859375 0.1265625 0.0375 0.02109375
1 0.05234375 0.18125 0.0296875 0.09296875
0 0.1203125 0.51796875 0.021875 0.03671875
1 0.17265625 0.52734375 0.0875 0.0234375
1 0.27109375 0.528125 0.09296875 0.02109375
1 0.37109375 0.52578125 0.09140625 0.02109375
0 0.42578125 0.5203125 0.021875 0.0328125
0 0.23984375 0.2328125 0.0515625 0.06015625
1 0.42578125 0.04609375 0.09296875 0.0234375
0 0.478125 0.05 0.028125 0.0421875
0 0.65078125 0.05234375 0.028125 0.0421875
0 0.8171875 0.05234375 0.028125 0.0421875
1 0.76328125 0.04453125 0.09296875 0.0234375
1 0.59609375 0.04609375 0.09296875 0.0234375
0 0.56328125 0.23359375 0.059375 0.06171875
0 0.6109375 0.40625 0.04375 0.0484375
0 0.55625 0.45078125 0.065625 0.075
0 0.5390625 0.55703125 0.065625 0.075
0 0.68359375 0.50390625 0.05390625 0.05
0 0.68125 0.44765625 0.05390625 0.05
0 0.68828125 0.37734375 0.059375 0.05234375
0 0.7421875 0.28671875 0.059375 0.05234375
0 0.815625 0.3984375 0.059375 0.05234375
1 0.91796875 0.35234375 0.0296875 0.0671875
1 0.915625 0.4640625 0.0296875 0.0671875
1 0.58203125 0.76171875 0.0296875 0.0671875
1 0.58203125 0.69765625 0.0296875 0.0671875
1 0.58046875 0.63203125 0.0296875 0.0671875
0 0.68125 0.94375 0.06171875 0.08125
0 0.68515625 0.81171875 0.0578125 0.06015625
0 0.94140625 0.5875 0.0578125 0.06015625
0 0.7671875 0.94921875 0.065625 0.07109375