0 0.1359375 0.665625 0.02890625 0.06015625
0 0.184375 0.48359375 0.02734375 0.06484375
1 0.16953125 0.8671875 0.0765625 0.0359375
0 0.23125 0.4140625 0.01484375 0.08671875
0 0.234375 0.7640625 0.015625 0.08046875
0 0.29140625 0.40625 0.03203125 0.05859375
1 0.15234375 0.2921875 0.07890625 0.040625
1 0.26640625 0.29296875 0.05546875 0.0421875
0 0.2828125 0.24375 0.0375 0.06484375
1 0.31953125 0.86796875 0.0796875 0.0421875
1 0.4296875 0.86796875 0.04453125 0.034375
1 0.59296875 0.86484375 0.04140625 0.04453125
0 0.55546875 0.66015625 0.02734375 0.0625
0 0.5890625 0.709375 0.0375 0.0765625
0 0.64453125 0.77890625 0.04609375 0.0703125
0 0.6546875 0.5734375 0.0296875 0.0625
0 0.71171875 0.584375 0.05 0.06484375
0 0.840625 0.771875 0.0546875 0.11328125
0 0.88984375 0.77421875 0.04921875 0.1171875
1 0.92890625 0.3921875 0.0234375 0.05078125
1 0.54375 0.19140625 0.09140625 0.0359375
0 0.43515625 0.3359375 0.03125 0.07421875
0 0.31953125 0.2921875 0.02578125 0.06875
0 0.49140625 0.44375 0.06171875 0.02421875