0 0.8640625 0.665625 0.02890625 0.06015625
0 0.815625 0.48359375 0.02734375 0.06484375
1 0.83046875 0.8671875 0.0765625 0.0359375
0 0.76875 0.4140625 0.01484375 0.08671875
0 0.765625 0.7640625 0.015625 0.08046875
0 0.70859375 0.40625 0.03203125 0.05859375
1 0.84765625 0.2921875 0.07890625 0.040625
1 0.73359375 0.29296875 0.05546875 0.0421875
0 0.7171875 0.24375 0.0375 0.06484375
1 0.68046875 0.86796875 0.0796875 0.0421875
1 0.5703125 0.86796875 0.04453125 0.034375
1 0.40703125 0.86484375 0.04140625 0.04453125
0 0.44453125 0.66015625 0.02734375 0.0625
0 0.4109375 0.709375 0.0375 0.0765625
0 0.35546875 0.77890625 0.04609375 0.0703125
0 0.3453125 0.5734375 0.0296875 0.0625
0 0.28828125 0.584375 0.05 0.06484375
0 0.159375 0.771875 0.0546875 0.11328125
0 0.11015625 0.77421875 0.04921875 0.1171875
1 0.07109375 0.3921875 0.0234375 0.05078125
1 0.45625 0.19140625 0.09140625 0.0359375
0 0.56484375 0.3359375 0.03125 0.07421875
0 0.68046875 0.2921875 0.02578125 0.06875
0 0.50859375 0.44375 0.06171875 0.02421875