0 0.1921875 0.359375 0.06015625 0.0953125
0 0.24921875 0.3890625 0.0640625 0.08203125
0 0.240625 0.746875 0.05390625 0.06640625
0 0.23984375 0.60859375 0.05 0.059375
0 0.296875 0.59453125 0.0625 0.09921875
0 0.2234375 0.25546875 0.0234375 0.1109375
0 0.465625 0.3625 0.04375 0.06484375
0 0.4671875 0.86015625 0.06328125 0.0984375
0 0.49921875 0.8671875 0.053125 0.10703125
0 0.828125 0.06484375 0.06328125 0.08984375
0 0.78203125 0.60703125 0.0578125 0.08984375
0 0.97265625 0.75625 0.05390625 0.08671875
0 0.67734375 0.91015625 0.05703125 0.09140625
0 0.91484375 0.94296875 0.0703125 0.08046875
0 0.83125 0.21640625 0.06171875 0.09609375
1 0.58671875 0.69921875 0.02578125 0.14296875
1 0.5875 0.5015625 0.0265625 0.1375
1 0.5890625 0.2703125 0.028125 0.18828125
1 0.92578125 0.10546875 0.0359375 0.03984375