1 0.05234375 0.84375 0.0203125 0.04296875
1 0.05234375 0.76953125 0.01875 0.040625
1 0.14375 0.9140625 0.03046875 0.0375
1 0.30546875 0.9125 0.0328125 0.03203125
1 0.32578125 0.8484375 0.01875 0.10703125
0 0.134375 0.840625 0.03828125 0.04765625
0 0.0984375 0.67421875 0.02890625 0.05
0 0.14453125 0.6734375 0.03046875 0.04765625
0 0.1484375 0.58125 0.03828125 0.04453125
0 0.14140625 0.5109375 0.04453125 0.06796875
1 0.05625 0.634375 0.021875 0.0765625
1 0.05546875 0.4796875 0.021875 0.0765625
0 0.26640625 0.471875 0.0484375 0.0640625
1 0.15078125 0.17421875 0.08359375 0.0359375
0 0.27734375 0.11796875 0.05234375 0.090625
0 0.30546875 0.225 0.04921875 0.06953125
0 0.36015625 0.2828125 0.040625 0.06796875
1 0.36640625 0.10078125 0.02265625 0.0265625
0 0.45703125 0.28984375 0.0453125 0.06796875
1 0.49296875 0.1046875 0.0796875 0.028125
0 0.6265625 0.2921875 0.04296875 0.0640625
1 0.66328125 0.10625 0.0828125 0.03046875
1 0.834375 0.1078125 0.115625 0.0234375
1 0.92734375 0.359375 0.01796875 0.078125
0 0.78984375 0.4828125 0.0421875 0.065625
0 0.7921875 0.63046875 0.046875 0.065625
1 0.8421875 0.609375 0.059375 0.03046875
0 0.4921875 0.62265625 0.04296875 0.0640625
1 0.53984375 0.60234375 0.0625 0.0234375
1 0.61328125 0.60390625 0.0859375 0.03046875
1 0.46015625 0.6484375 0.01875 0.07265625
1 0.42421875 0.696875 0.053125 0.0265625
1 0.36640625 0.69453125 0.05546875 0.0265625
0 0.30234375 0.71953125 0.0421875 0.065625
1 0.2484375 0.36328125 0.01796875 0.06015625