1 0.05234375 0.15625 0.0203125 0.04296875
1 0.05234375 0.23046875 0.01875 0.040625
1 0.14375 0.0859375 0.03046875 0.0375
1 0.30546875 0.0875 0.0328125 0.03203125
1 0.32578125 0.1515625 0.01875 0.10703125
0 0.134375 0.159375 0.03828125 0.04765625
0 0.0984375 0.32578125 0.02890625 0.05
0 0.14453125 0.3265625 0.03046875 0.04765625
0 0.1484375 0.41875 0.03828125 0.04453125
0 0.14140625 0.4890625 0.04453125 0.06796875
1 0.05625 0.365625 0.021875 0.0765625
1 0.05546875 0.5203125 0.021875 0.0765625
0 0.26640625 0.528125 0.0484375 0.0640625
1 0.15078125 0.82578125 0.08359375 0.0359375
0 0.27734375 0.88203125 0.05234375 0.090625
0 0.30546875 0.775 0.04921875 0.06953125
0 0.36015625 0.7171875 0.040625 0.06796875
1 0.36640625 0.89921875 0.02265625 0.0265625
0 0.45703125 0.71015625 0.0453125 0.06796875
1 0.49296875 0.8953125 0.0796875 0.028125
0 0.6265625 0.7078125 0.04296875 0.0640625
1 0.66328125 0.89375 0.0828125 0.03046875
1 0.834375 0.8921875 0.115625 0.0234375
1 0.92734375 0.640625 0.01796875 0.078125
0 0.78984375 0.5171875 0.0421875 0.065625
0 0.7921875 0.36953125 0.046875 0.065625
1 0.8421875 0.390625 0.059375 0.03046875
0 0.4921875 0.37734375 0.04296875 0.0640625
1 0.53984375 0.39765625 0.0625 0.0234375
1 0.61328125 0.39609375 0.0859375 0.03046875
1 0.46015625 0.3515625 0.01875 0.07265625
1 0.42421875 0.303125 0.053125 0.0265625
1 0.36640625 0.30546875 0.05546875 0.0265625
0 0.30234375 0.28046875 0.0421875 0.065625
1 0.2484375 0.63671875 0.01796875 0.06015625