0 0.1640625 0.47578125 0.07265625 0.1421875
0 0.51796875 0.36640625 0.06171875 0.15
0 0.62734375 0.73046875 0.05625 0.1546875
1 0.1875 0.7 0.0296875 0.24765625
1 0.18828125 0.29140625 0.02890625 0.209375
0 0.61796875 0.93984375 0.0703125 0.1203125
0 0.66015625 0.94453125 0.0671875 0.1109375
0 0.86796875 0.815625 0.059375 0.14765625
0 0.9125 0.8390625 0.03671875 0.05703125
0 0.9296875 0.765625 0.06640625 0.115625
0 0.93359375 0.9375 0.07265625 0.12421875
1 0.9625 0.4734375 0.02734375 0.19609375
0 0.7171875 0.3375 0.06953125 0.1234375